0.0191914,0,0,0,0,0,0,0,0,0,-0.095807,0,0,0,0,-0.0806715,0,0,0,0,-0.0670553,0,0,0,0,0,0,0.0647448,0,0,0,0,0,0,0,0,-0.0362916,0,0,0,0,0,0,0,0,0,0,0,0,0,0,0,0,0,0,0.0734408,0,0,0,0,-0.0655936,0,0,0,0,0,-0.0931451,0,-0.088079,0.0773426,0,0,0,0,0,-0.0956405,0,0,0,0,0,0,0.0907674,0,0,0,0.0193166,0,0,0,0,0,0,0,0,0,0,0.0369197,0,0
0,0,0.069739,0,0,0.0597528,0,0,0,0,0,0,0,-0.0784491,0,0,0,0,0,0,0,0,0,0,-0.0571461,0,0.0523284,0,0,0,0,0.0352881,0,0,0.0945979,-0.0666748,0,0,0,0.0220197,0,0,0,0,0,0,0,0,0,0,-0.0756748,0.0976842,0,0,0,0,0,0,0,0,0,0,0,0,-0.0516023,-0.0895033,0,0,-0.0555616,0.0654428,0,0,0,0,0,0.0310204,0,0,0,0.062637,0,-0.00733948,0.0384646,-0.0822967,-0.0782909,0,0,-0.0289571,0,0.0796765,0,0.0951576,0,0,0,0,0,0,-0.0319482,0.0617583
0,0,-0.0339947,-0.0660587,0,0,0,0,0,0,0,-0.00172563,0,0,0,0,-0.069641,0,0,0,0,0,0,0,0,0,0.0494186,0,-0.0165354,0,0.0315438,0,0.0520814,0,-0.0831695,0.0765538,0,0.0749522,0,0,-0.0208187,0,-0.00906139,-0.0997947,0,-0.0665655,0,0,0,-0.0511447,0,0,0,0,0,0,-0.0441768,0,0,0.0789912,0,0,0,0,0,0,0.0829241,0,0,0,0.0476328,0.0125016,0,0,0,0.061696,0,0,0,0,0,0,-0.0569025,0,0,0,0,0,0,0,0,0,0,0,0,-0.062875,0,0,0,0
-0.00531742,0,0,0,0,0,0,0,0,0,0,0,0,0,-0.0158245,0,0,0,0,0,0,0.0125646,0,0,0,0,-0.0450052,0,0.0238927,0,0,0,0,0.0906593,0,0,0,0,0.0955777,0,0,0,0,0,0.0288736,0,0,0.0882188,0,0,0,0,0,0.00484574,0,0,0,0,0,0,-0.0375794,0,0,0,0,0,0,0,0.0131718,0,0.089789,0,0,0.0243052,0,0,-0.0142516,0,0,0,0,0.0363414,0,0,0,0,0,0,0.0660872,0,0,0,0,0,0,0,0,0,0,0
0,0,0.000610103,0,-0.0595179,0,0,0,0.0597593,0,0,0,0,0,0,-0.0909442,0.0383177,-0.00956512,0,0,0,0,-0.0474459,0.0288151,0,0,0,0,0,0,0,0,0,0,0,0,0,0,0,0,0,0,-0.0398096,0,0.0234456,0,-0.00721416,0,-0.00879059,-0.00136484,0,0,0,0,0,0,0,0,0,0,-0.0259293,-0.00281824,0,0,0,-0.067473,0,0.0750574,0.0302078,0,0,0,0,0,0,0,0.0375563,0,0,0,0,0,0.0606703,0,0,0,0,0,0,-0.0256696,0,0.0449843,0,0,0,0,0,0,0.0441439,0
0,0,0,0,-0.0231072,0,0,0,0,0,0,0,-0.0910506,0,-0.0986374,0.0542226,0,0,0,0,0.0894762,0,0,0,0.0079594,0,0,0,0.0457137,0,0,0,0,-0.060328,0,0,0,0,0,0.0877182,0,0,0,0,-0.0469012,0,0.0490899,0,-0.0941577,0,0,0,0,-0.0318037,0,0,0.0337986,0,0,0,0,0,0.0134659,-0.0806531,0,0,0,0,0,0,0.0242215,0,0,0,0,0,0,0,0,0,0,-0.019871,0,0,0,0.0239407,0,0,0,-0.0450534,-0.0298469,0.0766812,0.0251646,0,0,-0.0382227,0,-0.0641049,0.0740324,0
0,0,0,0,0,-0.0882677,0,0,0.0101885,0.046704,0,0,0,0,0,-0.0872158,0.0973084,0,0,-0.0655216,0,0,0,0,0.0367066,0,0,0,0,0,0,0,-0.0830833,0.0244539,0,0,-0.0837069,0,0,0,0,0,-0.0128286,0,0,0,0,0,0,0,0,0,0,0.0320163,-0.0897348,0.043389,0,0,0,0,0,0,0.00289307,0,0,0,-0.0824352,0.0995386,0,0,-0.0229395,0,0,0.00959635,0,0,0,0,0.000897857,0,0.0376894,0,0,0,0,-0.0534558,0,0,0,-0.0721977,0,0,0,0,0,0,0,0,-0.0559969,0
0,0,0,0,0,0,0.0975809,0,-0.0321694,0,0,0,0,0,0,0,0,0,0,0,0,0,0.0991559,0,0,0,0,0,0,0,0,0,0,0,-0.0948153,0,0,0,0.0386409,0,0,0,0,0,0,0,0,0,0.097785,0,-0.0233675,0,0,0,0,0,0,0,0,0,-0.0782913,0,0,0,0,0,-0.0507407,0,-0.0166966,0,0,0,0.0491849,0,0,0.0271665,-0.057338,0,0,0,0,0,0,0,0,0,0,0,0,0,0,0,0,0,0,0,0,0.00824108,0,0
0.00829773,0,0,-0.0556168,0,0,-0.0438834,0,0,0,0,-0.0162406,0,0.0506335,0,0,0,0,-0.0921097,0,0,-0.0729418,0,0,0,0,-0.0975164,0,0,0,0,0,0,0,0,0,0,0,0,0,0,0,0,0,0,0,0,0,-0.00180324,0,0,0,0.0188681,0,0,0,0.0063785,0,0,0,0,-0.0759756,0,0,0,0,0,0,-0.0344189,0,0.0187574,0,0,0,0,0,0,0,0,0,0,0,0,0,0,0,0,-0.0334063,0,0,0,0,0,0,0,0,0,-0.0908914,-0.0689141,0
-0.0203613,0,0,0,0,0,0,0,0,0,0,0,0.0979665,0,0,-0.0381165,0.049574,0,-0.0194497,0,0,0,0,0,0,0,0.093323,0,0,0,0.00568703,0,0,0,0,0,0,0,0,0.0190156,0,0,0,0.029605,0,0,-0.0705268,0,0,0.0265659,0,0,-0.0309523,0,0,0.0298826,0,0,0,0,0,0,0,0,0,0,0,0,0,0,-0.0136508,0,-0.0479795,0,0,-0.075094,0,0,-0.0720995,0,0,0,0.0141004,-0.0987754,0.0177658,0,0,0,0,0,0,0,0.0893467,0.0383233,0,0,0,0,0,-0.0600754
0,0,0,0,0,0,0,0.0117483,0,0,-0.0966697,0,0,0,0,0,0.0271468,0,0,0,0.00970787,0,0,0,0.0799201,0,0,0,-0.0412163,0.00210023,0,0,0,0,0,0,0,-0.0861723,0,0,-0.0612008,0,0,0,0,0,0,0,0,-0.0504089,0,-0.0946478,-0.0542999,0,0,0,0,-0.0835223,0,0,0,0,0,0,0,0,0,0.0535326,0,0.0776499,0.0505019,0,0,0,0,-0.0578408,0,0,0,0,0,0,0,0,0,0,0,-0.0655746,-0.0625321,0,-0.0214524,0,0,0,-0.040552,0,-0.0487378,0,-0.0100671,0
0,0,0,0,0,0.0203615,0,0,0,0,0.0759357,0,0.0599913,0,0,0,0.0381761,0,0,0,0,-0.0590272,0,0,0,0,0,0.0234285,-0.0944299,0,0,0,0,0,-0.00820086,0,0,0,0,-0.0683673,0,0,0,0,0,0.0881203,0,0,0,0,0,-0.0814966,0,0,0,0.0330291,0,0,0,-0.0861383,0,0,0,0,0,-0.0352916,0.0691146,0,0.0592994,0,0,0,0,0,0,0.0645027,0,0.0970323,0,0,-0.069938,0,0,0,0,0,-0.0190872,0,0,0,0.0797449,0,0,-0.0682649,0,0,0,0,0.0777181,0
-0.0193573,0,0,0,0,0,-0.0565066,0,-0.0929309,0,0,0,-0.0978791,0,0,0,0,0,0,-0.0721912,0,0,0,0,0,0,0,0,0,0,0.0962357,0,0,0,0,0,0,0,0,-0.0723021,0,0,0,0.00598555,0,-0.0147614,0,0,0,0,0,0,-0.0309189,0,0.0229761,0,0,0,0,0,0,0,0.0311447,0,0,0,0,-0.0206606,-0.0379979,0,0,0,0,0,0,0,0,0,0,0,0,0,0.0186275,0.086631,0,0,0,-0.0240916,0,0,0.0452011,0,0,0,0,0,0,0,0,0.0944566
0,0,-0.0616656,0,0,0,0,0,0,0,0,0,0,0,0.089565,-0.0917351,-0.00106899,0,0,0.00882191,0,0,0,0,0,0,0.0932971,-0.0825986,0.085346,0,0,0,0,0,0,0,-0.0513471,0,0,0,0,0,0,0,-0.0451433,0,0,0,0,-0.0916924,0,-0.0773516,0,0,0,0,0,0,0,0,0,0,0,-0.0144116,-0.0962452,0.0322026,-0.0339562,0,0,0,0,0,-0.035553,0,0.0981512,0,-0.0192458,0,0.0129707,0.0473831,0,0,0,0,0,0,0,0,-0.0702104,0.0236957,0,0.00536211,0,0,0,0,0,0,0,0
0,0,0,0,0,0,0,0,-0.0778512,0,-0.0663612,0,0,0.0266637,0,0.0759096,0,0,0,0,0,0,0,0,0,0,0,0,0,0.0658882,0.0278042,0,0,0,0,0,0,0,0,0.0274534,0,0,-0.00722872,0,0,0,0,0,-0.0452374,0,0,0,-0.0791309,-0.075634,0,0,0,0,0.0191037,0,0,0,0,0,0,-0.075415,0,0,0,0.00988038,-0.00318623,0.0216792,0,-0.0659834,0,0,0,0.0783956,0,0,0,0,0,0.0982875,0,-0.0288405,0,0,0,-0.0922241,0,0,0.0773759,0,0,0,0,0,-0.0374024,0
-0.0760618,0,0,0,0,0,0,0,0,0,0.021452,-0.0178708,0,0,0,0,0,0,0,0,0,0,0,0,0,0.0756379,0,0,0,0.0915442,0,0,-0.0765482,0,0.0415608,0,0,0,-0.0994466,0,0,0,0.0562287,-0.00517055,0.0168649,0,0,0,0,0,-0.0231871,0,0,0.00128464,0,0,0,0,0,0,0,0,0,0,0,0,0,0,-0.0720317,0,0,0,0,-0.0455359,-0.0588919,0,0,0,0,0,0,0,-0.000235192,0,0,-0.0617202,0.0908699,0,0.0718302,0,0,0,0,0,0,0,0,0,0,0
0,0,0,0,0,0,0,0.0323501,0.0496293,0,0,0,0,0,0,0,0,0.0072803,0,0.0545836,0,0,0.0238385,0,0,0,0,0,0,-0.0343374,-0.0313316,0,0,0,0,0,0,0,0,0,0,0,0,0,0,0,0,0,-0.0174748,0,0,0,0.086586,0,-0.00569881,0,0,0,0,0,0,0,0,0.0797569,0,0,0,0,0,0,-0.0739623,0.0224654,0,0,0,0,0,0,0,0.0398521,0,0,0,0,0,0,0,0,-0.0690725,0.00861524,-0.00835902,0.0147186,0.0958562,0,0,0,0,0,0,-0.0241599
0,0,-0.0711304,0,0,0,0.0753507,0,0,0.0473908,0,0,-0.0803011,0,0,-0.000594039,0,0,0,0,0,0,0,0,0,-0.0136803,0,0,0,0,0,0,0.0860748,0,0,0,0,0,0,0,0,0,0,0,0,0,0,0,0.0176327,0,0,0,0,0,0,0,0.0978586,0,0,0,-0.0166191,-0.06647,0,0,0,-0.0881555,0,0,0,0,0,0,0,0,0,0,0,0,0,0,-0.0941243,0,0,0,-0.0735017,0,0,0,0,0,0,0,-0.00404776,0,0,0,-0.0622041,0,0,0
0,0,0,0,0,0,0.00969428,0,0,0.0376182,0,-0.0986509,0,0,0,0,0,0,-0.0968237,0,0,0,0,0,-0.0530654,0,0,0,0,-0.040429,0,0,0,0,0.0615077,0,0,-0.0757029,0,0,0,0,0,0,0,0,0,-0.0989229,0,0,0,0.012057,0,0,-0.0861321,0,0,-0.089262,0,-0.0534899,0,0,0,-0.0490613,0,0,0,0,-0.0611847,-0.00431532,0,0.0790126,0,-0.0333524,0.0658131,0,0,0,0,0,0.0313693,0,0,0.00760783,0,0,0,0,0,0,0,-0.0472316,-0.0399689,0,0,0,0,0.0783308,0,0
0,0.0788554,0,0,0,0,-0.0493989,0,0,0,-0.0914686,-0.0372196,0,0,-0.0875265,0,0,0,0,0,0.0678652,-0.0388083,0,0,0,0,0,0,0,0,0.0927279,0,0,0.0848037,0,0,0,0,0,0,0,0,0.0542008,0,0,-0.0166108,0,0,0,0,0,0,0,0,-0.0644131,0,0,0,0,0,0,0,0,0,0,0,0,-0.0648361,0,0,0,0,0,0,0,0,-0.00532935,0,0,0,0,0,0,0,-0.012425,0,0,0,0,0,-0.012121,0,0,0,0,0,0,0,0,0
-0.0615222,0,0,0,0,0.0904181,0,0,-0.0428219,0.0409449,0.0401284,0,0,0.00638608,0,0.00800616,0,-0.0185706,0,-0.0847192,0.0436993,0,0,0,0,-0.0135913,0.0885349,0,0.0745416,0,0,0,0,0,0,0,0,0,0,0.030894,0.0628529,0,0,0,0,0,0,0,0,0,0,0,0,0,0,0,-0.00239754,0,0,0,0,0,0,0,0,0,0,0.00429311,0,0,0,0,0,0,0,0.0473809,0,0,0,0,0,0,-0.0179143,0,0,0,0,0.0783548,-0.073248,-0.0157084,0.0369474,0,0,0,0,0,0,0,0,0.03046
0,0,0.0357181,-0.0749862,0.0769998,0,0,0,0,0,0,0,0,-0.0243693,0,0,0,0,0,-0.0961067,-0.0795582,0,0,0,-0.00222384,0,0,0,0,0,0,0,0,0,0,0,0,0,0,-0.0229081,0,0,0,0.00466072,0.0221528,0,0,-0.0213994,-0.0370298,-0.0261938,0,0,0,-0.0989374,0,0,0,0,0,0,0,0,0,0,-0.0519646,0.0193405,-0.0848891,0,0,0,0,0,0,0,0.0120785,0,0,0,0,0,0,0,0,0,0,0,0,0,0.0854162,-0.0622156,0.0286603,0,0,0,0,0,0,0,-0.0380607,0
0,0,0,0,0,0,0,0,0,0,0,0,0,0,0,0,0,0,-0.0628996,0,0,0,0,-0.0870376,0,0.0453289,0,0,0,0,0,0,0,0,0,0,0,0,0,0,-0.0453418,0.0651408,0,-0.0166931,0,-0.099096,0,0,0.0838493,0,0,0,0,0,0,0,0,0,0,0,0,-0.0231079,-0.0835208,0,0,0,0,0,-0.0821281,0.0315217,-0.0377579,0,0,0,0.0857989,0,0,0,0,0,0,0,0,0,0,0.055112,0,0,0,0,0,0,0,0,0.0674333,-0.00139458,0,0,0,0
-0.0921813,0,0,-0.0143923,0,-0.0895234,0,0,0,0,0,0,0,0,0,0,0,0,-0.0667197,0,0,0,0,-0.0866385,0.0143341,0,0,0,0,0,0.0310795,0,0,0.0468397,0,0,0,-0.0403121,0,0,0,0,0,0,-0.0925213,0.0393653,0,0.0225301,-0.0749883,-0.0379728,0,0,0,0,-0.0399225,0,0,0,0,0,0,0.00610353,0,0,0,0,0,0,0,0,0,0,0,0,0,0,0,0,0,0,-2.72475e-05,0,0,0,0,0,-0.0254772,0,0,0,0,0,-0.0385197,0,0,0,0,-0.0129993,0,0
0,0.0289601,0,0,0,0,0,0,0,0,0,0,0,0,0,0,0,0,0,0,-0.0836845,-0.0312912,0,0,0,0,0.0569855,0.00510077,0,-0.00494348,0.0740915,0,0,0,0,0.0907913,0,0.0800718,0,0.0612547,0,0,0,0,0,0,0,0,0,0,0.08197,0,-0.0011802,0,0,0,0,0,0,0,0,0,0,-0.0224687,-0.0615297,0,0,0,-0.0407137,0,0,0,0,0,0,0,0,0,0,0,0.0183776,0,0,0,0,0,0,0,0,0,0,0,0,0,0,-0.0707842,0,0.0269897,0.0353678,0.0809012
0,0,0,0,0,-0.0130804,-0.0840393,0,0,0,0,0,0,0,-0.0991135,0,0,0,0,0,0,0,0,0,0,0,0.078257,-0.0560987,0,0,0,0,0.0961297,-0.0803487,0,0,0,0.0968453,0,0,0,0,0,0,0,0,0,0,0,-0.0260017,-0.037516,0,0,0,0.0998751,0,0,0,-0.00190425,0,0,0,0,0,0,0.0246421,0,0.0278388,0,-0.0117395,0,0,0,0,0,0,0,0,0,0,0,0,0,0,0,0,0,0.0708521,0,0,0,0,0,0,0,0,0,0,0,0
-0.0331893,0,0,-0.0656918,0,-0.0479181,0,0,0,0,-0.0431674,0,0,0,-0.0889433,0,0,0,0.0963759,0,0,0,0,0,0,0,0,0,0,0,0,0,0,0,0,0.0866328,0,0,-0.0418401,0,-0.0186531,0,0,0,0,-0.0329516,0.0263973,0,0,0,0,0,0,-0.0874299,0,0,-0.0820246,0,0,0,0,0,0,0,0,0,0,0,0,0,0,0,0.0887755,0,0,0,0,0,0,0,-0.0104236,0,0,0,0,0,-0.0190937,-0.00499598,0,0,0,0,-0.0637835,0,0,0,-0.00838836,0,0.0449813,0
0,0,0,0.0990075,0,0,0,0,0,0,0,0,0,0,0,-0.00428184,0,-0.0249896,0,0.048702,-0.0552696,0,0,0,0,0,0,0,0,0,0,0,0,-0.0449868,-0.0413422,0,0,0,0,0,0.0562922,0.0696553,0,0,0.0568798,0,0,0,0,0.0633827,0,-0.0861667,0,0,0,0,-0.0871273,0,0,0,0,0,0.0705385,-0.00858741,0,0,0,0,0,0,0,0,0,0,0,0,0,0,0,-0.051229,0.061376,0,-0.0809009,0,0,0,0,-0.0716575,0,0,0,0,0,0,0.0599353,0,0,0,0,0
0,0,0,0,0,0,0.0910718,0,0,0,0,0,0,0,0,0.0203088,0,0,0,0,0,0,0,0,0,0,0,0,0,0,-0.0140786,-0.0643292,-0.079101,0.0184222,0,-0.0577713,0,-0.00861015,0,0,0,0,0,0,0,0,-0.0771461,0,0,0,0.00139667,0.00579932,0,0,0,0,0,0,0,0,0,0,0,0,-0.0543065,0,0,0,0,0,-0.0493357,0,0,0,-0.0858173,0,0,-0.0216226,0,0,0,0,0,0,0,0,-0.024249,0,0,0,0,0,0,0,0,0,-0.038176,0,0,0
0.0573981,0,0,0.0900049,0,-0.013182,0.0290559,0,0,0,0.0360316,0,0.0525035,-0.0403382,0,-0.0731671,0,0,0,0,0,0,0,-0.0344134,0,0,-0.0671939,0,0,0,0,0,0,0,0,-0.0712259,0,0,0,0,0,0,0.00457913,0.0918952,0,0,0,0,0,0,0,0,0,0,0,0,0,0,0,0,0,0,0,0,0,0,0,0,0,0,0,0,-0.0357504,-0.0153918,0,0,0,0,0,0,0,0,0,0,0,0,0,0,0,0,0,0,0,0,0.0300301,0,0,0,0,0
0,0.0238578,0,0,0,0,0,0,0,0,-0.0817893,0,0,0,0,0,-0.0730119,-0.0481462,0,0,0,0,0,0,0,-0.0271737,0,0,0,-0.0390834,0,0,0,0.00478999,0,0,0,0,0,0,0,0,0,0,0,0,0,0,0,0,0,0,0,-0.00160138,0,0.0454638,0,0.0915622,-0.0492491,0,0,0,0,0,0,0,0.0645819,-0.0782725,0,0,-0.0361648,-0.0423603,0,-0.0815336,0.0150073,0.0539714,0.099628,0,0,-0.0482796,0,0,0,0,0,0,0,0,-0.000651588,0,0,0,0,0,0,0.0101459,0,0,0,0
0,0,0,0,0.0738801,0,0,0,-0.0168941,0,0,0,-0.00380713,0,0,0,0,0,0,0,0,0,0,0,0,0,0,0,0,0,0,0,0,0,0,0.084746,0,0,0,0,0,0.0438116,0,0,0,0,0,0,0,0,0,0,0,0,0,-0.0817808,0.0567383,0.0255333,0,0,0,0,0,-0.0318371,0.0664186,0,0,0,0,-0.0753557,0,0,0,0,0,0,0,0,0.0245546,0,-0.0093178,0,0,0,0,0,0,0,0.0495901,0,0,0,0,0,0,0,0,0,0,0
0,0,0,0,0,0.0642431,0,0,0,0,0,0,0,0,0,0,0,0,-0.0623423,0,-0.0101978,0.0426593,0,0.0320568,0,0,-0.0495632,0.0966515,0,0,0,0,0,0,0,0,0.00339189,-0.094216,-0.0307378,0,-0.0967237,0,0.0736599,0,0,0,0,0,0,0,0,0,0,0,0,0,0,0,0,0,-0.00720695,0,0,-0.0121295,0,0,0,0.0950763,0,0,0,0,0,0,0,0,-0.0587868,-0.0703969,0,0,0,0,0,0,0,0,0,0,-0.0529375,0,0,0,0.0978387,0,0,0,0,0,0,0
0,0,0,0,0,0,0,0,0,0,0,0,0,0,0,0,0,0,0,0,0,0,0,0,0,0,0,0,0,0,0,-0.0690877,0,0,0,0.0721547,0,0,0.0436115,0,0,0,0.099893,0,0,-0.0572412,0,0,-0.00565435,-0.0413784,0,0,0,0.0974829,0,0.0475956,0,0,-0.0950242,0,-0.0280049,0.092889,0,0.0135063,0,0,0,0,0,0,-0.00577462,0,0,0,0,0,0,0,0,0.0440221,0,0,0,-0.0562611,-0.079154,0,0,0,0,0,0,0,0,0,0,0.0582527,0,0,0,0
0.0618291,0,0,0,-0.018305,0,0,0,0,0,0,0,0,0,0.0444821,-0.0732099,0,0,0,0,0,0,0,0.068758,-0.06393,0,0,0,0,0,-0.0166133,0,0.0721388,0,0,0.0654505,0,0,0,0,0,0,0,0,0,0,0,0,0,0,-0.00650405,0,0,0,0,0,-0.0205465,0,0,0.0636317,0.0385499,0.0848364,0.0946865,0,0,0,0,0,0,0,0,0,0,0,0,0,0,-0.0195841,-0.0527988,0,0,0,0.0767507,-0.0471103,0,0,0,-0.0656625,0,0,0,0,-0.0557748,0.0640764,0,0,0,0,0,0.0417816
0,0,0.0355088,0,0.0146583,0,0,0,0,-0.093809,0,0,0,0,0,-0.0429986,0,0,0,0,0,0,0,0,-0.0484167,0,0,0,0,0,0,0,0.017732,0,0,-0.0197912,0,0,0,0,0,-0.0291977,0,0,0,0,0,0,0,0,0,0,0,0,0.00612907,0,-0.0683888,0,0,0,-0.0727801,0,0,0,-0.0293515,0,0,0,0,-0.0151787,0,0,0.0822509,0,0,0,0,0,0,0,0,0,0,0,0,-0.014981,0,0,0,0,-0.0588879,0.092398,0,0,0,0,-0.00013873,0,0,0.0600821
-0.0473821,0,0,0,-0.0660004,0,0,0,0,0.0958335,0,-0.0439258,0,0,0,0,0.0263725,-0.0775974,0,0,0,0,0,0,0,0,0,0,0,0,0,0.0099558,0,0,0,0,0,0,0,0.0401734,0,0,0,0,0,0,0,0,0,0,0,0.0266358,0,0,0,0,0,0,0.0417479,0,0,0,0,0,0,0,0,0,0,0.00894407,-0.0938499,0,-0.0763765,0,0,0,0,0,-0.0144037,0,0,0,0,0,0,0,0,-0.0902979,0,-0.0552323,0,0,0,0,0.075205,0,0,0,0,0
0,0,0,0,0,0,0.00229252,0,0.0347267,0,0,0,0,-0.0221431,0,0,0,0,0,0,-0.0202927,0,-0.0624102,0,0,0.0104491,0,0,0,0,0,0,0,0,0,0,0.0490934,0,0,0,0,-0.010901,0,0,0,0,-0.0168467,0,0,0,0,0,0.0474936,0,0,0,0,0,-0.0565881,-0.0834725,0,0,0.0171615,0,0,0,0,0,0,0,0,0,0,0,0,0,0,0,0,0,0,0,0,0,0,0,0.032289,0,0,0,0.0919749,0,0,0,0,0,0,0.0825619,0,0
0,0,0,0,-0.0783827,0,0,0,0,0,0,0,0,0,0,0,0,0,-0.0205583,0,0,0,0,0,0,0,0,0,0,0,0,0,0,0,0,-0.0107009,0,0,0,0,0,0.0182891,0,0,0,0,-0.033975,0,0,0,0,0,0,0,-0.0478275,0,0,0,0,0,0,0,0,0,0,0,0,0,0,-0.00208939,0,0,0,0,0,0,0,0,-0.0582277,0,0,0,0.0838921,0,-0.0860895,0,0,0,0,0,0,0.0166297,0,0,-0.0740349,0,0,0,0,0
0,0,0,0,0,0,0,0,0,0,0,0,0,0.0568435,0,0,0,0,0.0641401,0,0,0,0,0.0795457,0,0.024878,0,0,0,0,0,0,0,0,0,0,0,0,0,0,0,0,0,0,0,0.0552241,0,0,0,0,0,0,0,0,0,0,0,0,0,0,0,0,0,0,0,0,0,0,0,0.0694705,0,0,0,0,0,0,0,0,0,-0.0144177,0,0,0,0,0,0,-0.0582969,0,0.034027,0,0,0,0,0,0,0,0,0,0,0
0,0,0,0,0,0,0,0,0,0,0,0.0426231,0,0,0.0406219,0.0127131,0,0,0,0,0,0,0,0,0,0,0,0,0,0,0,0,0,0,0,0,0,0,0,0,0,0,0,0,0,0,0,0,0,-0.0548997,0.0753984,0,0,0.000359084,0,-0.0971191,0,0,0,0,0,0,-0.0688097,0.0150949,-0.0261471,0,0,-0.0735047,0,0.074647,0.0928469,0,0,-0.00189736,0,0,0,-0.0707776,-0.0415579,0,0,0,0,0,-0.0874842,0.0369312,-0.014983,-0.0311295,0,0,0,0,0,0,0,0,0,0,0,0
-0.0664531,0,-0.0977631,0,0,0,0,0,-0.0711301,0,0,0,0,-0.0390087,0,0,-0.0812204,0,0,-0.0794328,0,0,0,0,0,0,0,0,0,-0.00587074,0,0,0,-0.00743981,0,0.0153859,-0.0923032,-0.0765779,-0.0754066,0,0.0922038,0,0,0,0,0,0,0,0,0,-0.0238797,0,0.00632893,0,0,0,0,0,0,0.0960672,-0.0995778,0,-0.000247061,0,0,0,0,0.00428586,0,-0.0989208,0,0,0,0,0,0,0,0,0,0,0,0,0,0,0,0,0,0,-0.0158598,0,0.0322602,0,0,0,0,0,-0.0246551,0,-0.0796849,0
0,0,0,0,0,0,0,0,0,0,0,0.0199205,0,0,0,0,0,0,-0.0364105,0,-0.0896982,0,0,0.00717065,0,0,0,0,0.0119433,0,0,0,0,0,0,0,0,0,-0.0328968,0,-0.0490135,0,0,-0.0675271,0.0349556,0,0,0,0,0,0,0,0,0,0,-0.0373479,-0.0830459,0,0,0,0,0,0,0,0,0,0,0.0325593,0,0,0,0,0,0,0.0315946,0,0,0.0301664,0,-0.0108706,0,0,0,0,0.0559273,0,0.0982557,0,0,0,0,0,0,0,0,0,0,0,0,0.0898002
0,0,0,0,0,0,-0.0125872,0,0,0,0,0,0,0,0,0,0,0,0,0,0.07004,0,0,0,0,0.00920021,0.00245842,0,0,0,0,0,-0.0720743,0,0,0,0,-0.0734639,0,0,0,0,-0.0145419,0,0,0,-0.0778211,0,0,0,0.056341,0,0,0,0,0,0,0.0222285,0,0,0.061977,0,0,0,0,0,0,0,0,0,0,0,0,0,0,0,0,0,-0.053479,0,0.0379565,0,-0.0130137,0,0.0227351,0,-0.0635912,-0.0353733,0,0,-0.0247933,0,-0.0444922,0,0.0169693,0,0,-0.0573146,0,0
0,0,0,0,0,0,0,0,0,0,0.0409536,0.0815331,-0.00771069,-0.0366742,0,0,0,0.0449589,0,0,0,-0.092594,0,0,0,0.0829899,0,-0.0599135,-0.088119,0,0.0731382,0,0,0,0,0,0,0,0,0,0,0,0,0,0,0,0,0.0249213,0,0,0.0278273,0,-0.0354152,0,-0.000780353,0,0,0,0,0,0,0.0675034,0,0,0,0,0,0,-0.0728574,0,0,0,0,0,0,0,0,0,0,0,0,0,0,0.0859835,0,0.0554897,0,0,0,0,-0.0359865,0.0689719,0,0.0817804,0,0,0,0,0,0
-0.0717261,0,0,0,0,0,0,0,0,0,0,0,0,0,0,0,0,0,-0.00418839,0,0,0,0,0.0156476,0,0,0,0,0.0941099,0,-0.0250261,-0.0845256,0,0,0,0,-0.0459114,0,0,0,0,0,0,0,0,0,0,0.079904,-0.00262983,0,-0.018432,0,0.0533219,0.0509703,-0.0353219,0,0,0,0,0.0183404,0,0,0,0,0,0,0,0,0,0,0,0,0,-0.0400353,0,0.0913003,0,0,0,0,0,0,0,0,-0.0972839,-0.02153,0,0,-0.0100383,0.0450964,0,0,0,0,0,0.0360892,0,0,0,0
0,0,0,-0.0951882,0.0757763,0,-0.0157516,0,0,0,0,0,0,0,0,0,0,0,0,0,0.0529553,-0.0671866,0,0,0,0,0,0.0957537,0,0,0,0,0,0,0,0,0,0,0,0,0,0,0,-0.0884923,0,0,0,0,0,0,0,0,0,0,0,0,0,0,0,0,0,0,0,0.000353797,0,0,0,0,0,-0.000856807,0,0,0,0,0,0.015851,0,0,0,0,0,0,-0.0690528,0,0,0,0,0,0,0,0,0,0,0,-0.000135198,0,0,-0.0789818,0,0.0681204
0,0,0,0,0,0,0,0,0,0,0,0,0,0.0833358,0.0490874,0,0.0772024,0,0,0,-0.0730588,0.0475883,0,0,0,0,0,0,0,0,0,-0.00135627,0,0,0,-0.0806585,0,0,0,0,0,0,-0.0934686,0.0194925,0,-0.0402405,-0.0766984,0,0,0,0,0,0,0,0,0.0645188,0,0,0.0783465,-0.0699643,0,0,0.021156,0,0,0,0,0,0,0,0,0,0,-0.0227642,0,0,0,0,0,-0.0209317,0,0,0,0,0,0,0,0,0,0,0.0436623,-0.0377112,0.065847,0,0,0,0,0,0,0
0,0,0,0,0,0,0,0,0,0,0,0,0,0,0,0,0,0,0.0614371,-0.0140605,0,0,-0.00539372,0,0,0,0,0,0,0,0,0,0,0,0,0,0.0475207,0,0,0,0,0,0,0,0,0,0,0,0,0,0,0,0,-0.0217692,0,0,0,0,0,0,0,0,0,0,0,0,0,0,0,0,0,0,0.0232233,0.00956257,0,0,0,0,0,0,0,0,0,0,0,0,-0.0551267,0,0,0,0,0,0,0,0.061039,0.000216668,0,0,0,0
0,0,0,0,0,0,0,0,0,0,0,0.0758531,0,0,-0.0610475,-0.0271875,0,0,0,0,0,0,0,0,0,0,0,0,0,0,0,0,0,0,0,0,0,0,0,0,-0.0970517,0,0,0,0,0,0,0.0279371,0,0.0397926,0,-0.0162577,0,0,0,0,0,-0.0499475,-0.00826802,0,0,0,0,-0.029065,0,0,0,-0.0115325,0,0,0,0,0.0787635,0,0,0,-0.0136161,0,0,0,0.0646049,0.0123832,0,-0.068351,-0.0713703,0,0,0,0,0,0.0365243,-0.0489326,0,0,0.0477823,0,0,0,0,0
0,0,0,0,0,0,0.0173578,0,0,0,0,0,0,0,0,0,0,0,0,0,0,0,0,0,0,0,0,0,0,-0.0631012,0,0,0,0,0,0,0,0,0,-0.0764872,0,0,0,0,0,-0.0326649,0,0,0,0.0543005,0,0,0,0,0,0,0,0,0,0,0,0,0.0271092,-0.0928042,0.00773536,0,0,0,0,0,0,0,0,0.0907368,0,0,0,0,0,0,0,0.0599184,0.082972,-0.0554769,0.0704097,0,0,0,0,0,0,-0.0875119,0,0,-0.0851729,0.0986057,0.0896841,0,0,0
0,0,0,0,0,0,-0.0739248,0.0551246,0,0,0,0.00981079,0,0,-0.0204081,0,0,0,0.014568,-0.0858849,0,0.0891323,0,0,0,0,0.0490579,0.0825097,0.0443405,0,0,0,0,0,0,-0.0619684,-0.0704454,-0.00984726,0,0,0,-0.0645775,-0.0452921,0,0,0.0632471,0,0,0,0,0,0,0,0,0,0,0,0,-0.0029489,0,0,0,0,0,0,0,-0.0821576,0,0,0,0,0,0,0,0.0731134,0,0,-0.0530393,0,0,-0.0773832,-0.0962036,0,0,0,0,0,0,0,0,-0.019416,0,0,0.0377172,0,0,0,-0.00737772,0,-0.0956484
0,0,0,0,0,0,0,0,0,0,0,-0.0912439,-0.068262,0,0,0,0,0,0,0,0,-0.0574727,-0.0370622,0,0,0,-0.0436753,0,0,-0.00249086,0,0,-0.0790432,0,0,-0.0437674,0,0,0,0,0,-0.0509517,0,0,0,0,0,0,0,-0.0313242,0,0,0,0,0,0,0,0,0,0,0,-0.0870857,0,0,0.0553607,0,0,0,0,0,0,0,0,0,0,0,0,-0.0557543,0,0,0,0.0811192,0,-0.099882,0,0,0,0,0,-0.0357751,0,0,0,0,0,0,-0.0948335,0,0.0477823,-0.0854802
0,0,0,-0.051125,0,-0.0274349,0,0,0,0,0,0,0,0,0,0,0,0,0,0.0800427,0,0,0,0,0,0.0517884,0,0,0,0,0,0,0,0,0,0,0,0,0,-0.0197565,0,0,-0.0715297,0,0,0,0,0.0485748,0,0,-0.0654034,0,0,0,-0.0171209,0,0,0,0.0735742,-0.0984184,0.0252257,0,0,-0.0869704,0,0,0,0,0,0,0,0,0,0,0,0,0.0355621,0,0,0,0,0,0,0,-0.0662535,0,0,0,0,0,0,0,0,0,0,-0.00503682,0,0,0,0
0,0,0,0,0,0,0.0859642,0,0,0,0,0.0603499,0,0,-0.0470126,0,0,0,-0.0787249,0,-0.026183,0,0,0,0,0,0,0,0,0,0,0,0.0676703,0,0,-0.0870171,0,0.00510767,0,-0.0878918,0,-0.0399039,0.0174107,0,0,0,0,0,0,-0.0260509,0,0,0,0,0,0,0,0,0.0172674,0,0,0,0,0,0,0,0.0798371,0,0,0.0879243,-0.0433936,0.0853582,0.0138944,0,0,0,0,0,0,0.0450745,-0.0113685,0,0,0,-0.0946725,0,0,-0.00390189,0,0,0,0.00662172,0,0,0,0,0,0,0,0
0,0,0.0427677,0,0,0,0,0,0,0,0,-0.0419877,-0.00540099,0,0,0,0,0,0,0.00319247,0,0.0854024,0,0,0,0,0,0,0,0,0,-0.0169226,0,0,0,0,0,0,0,0,0,0,0,0,0,0,0,0,0,0.0475718,0,-0.0281435,0,0,0,0,0,0,0,0,0,0,0,-0.0610403,0,0,0,0,-0.0604345,-0.0313612,0,0,0,0,0,-0.0661632,0,0,0,0,0,0,0,0,0.00102155,0,0,0,0,0,0,-0.0221733,0,0,0,-0.0177089,0,0,0,0.0799076
0,0,0,0,0,0,0,0,0,-0.0694586,0,0,0.0888226,0,0,-0.000149381,0,-0.00681193,0,0,0,0,0,0.00794211,0.0348838,0,0,-0.0811376,0,0,0,0,0,0,0,0,0.073897,0,0,-0.0877251,-0.0377941,0,0.0667664,0,0.0943956,0,0,0,0,0,0,0,0,0,0,0,0,0,0,-0.00798954,0.0675242,-0.0543008,0,0,0,0,0,0,-0.0749246,0,0,-0.0695657,0,0,0,0,0,0,0,-0.00855775,0,0,0,0,0,0,0.0435033,0,0,0,0,0,0,0,0,0,-0.0485969,0,0,0
0,0,-0.0566275,0,0,0,0,0.0826501,0,0,0,0,0,-0.0686078,0,0.0854723,0,0,0,0,0.0503558,0,0,0,0,0,0,0,0,-0.00611384,0,0,0,-0.0554189,0,-0.0254547,-0.0442016,0,0.0354583,0.0623154,0,0,0.0651463,0,0,0,0,0,0,0,0,0,-0.00734743,-0.0297089,0.0128358,-0.0677179,0,0,0,0,0,-0.0479681,0.0069599,0,-0.05226,0,0.0241457,0,0.072191,0,0,0,0,0,0,0,0,0,0.027388,0,0,0,0,0,0.0883283,0,0.0887318,0,0,-0.0142204,0.017786,-0.0772209,0,0,0,0.057447,0,0,0,0
0.010098,0,0,0,0,0,-0.0893861,0,0,0,0,0,0,0,0,-0.0319233,0,0,0,0,0,0,0,0.0106731,-0.0478662,0,0.082669,0,-0.0362137,0,0.0171686,0,0,0,0,0,0.0691723,0,0.00614455,0,0,0.0816791,-0.0684218,0,0.00501334,0,0,-0.080795,0,0.0887032,0,0,0,0.0236043,0,0,0,0,0,0,0,0,0,0,0,0,0,0,0,0,-0.00246802,0,0,0,0.086156,0,0,0.089575,0,0,0,0,0,0,0,0,-0.0267307,0.0628188,0,0.0299937,0.00162928,0,0,0,0,0,0,0,0,-0.0293898
-0.0855321,0,0,0,0,0,0,0,0,0,-0.0266616,0,0,0,-0.0358031,0,0,0,-0.0771832,0,0.0672443,0,-0.0620072,0,-0.0297548,0,0,0,0,0,0,0,0,0,0.0532105,0.0319924,0,0,0,0.0713456,0,0,0,0,0,0,0,-0.0907502,0,0,0,0,-0.0681718,0,0.0409846,0,-0.0251475,0,0,0,0,0,0,0,0,0.0175751,0,0,0,0,0,0,0,0,0,0,0,0,-0.0938252,0,0,0.0195295,-0.04379,0,0,0,0,0,0,0,0,0,0,0,0,0,0,0,0,0
0,0,0,0,0,0,0,-0.0313784,0,0,0,0,0,0,0,0,0,0,0,0,0,0,0,0,-0.0750341,-0.0813871,0.0304085,0,0,0,0.0719562,-0.00129169,0,0,0,0,0,0,0,0,0,0.0438424,0.0462571,0,0,0,0,0,0,-0.00932432,0,0.0672343,0.0486074,0.00501707,0,0,0.00869783,0,0,0,-0.0263549,0,0,0.00919218,0,0,0,0,0,0,0,0,0,0,0,0,0,0,0,0,0,0,0,0,0,0.0894146,-0.0458544,0,0,-0.0816143,0,0,0,0,0,0,0,0.0894277,0,0
0.0708293,0.0685437,0,0.0506321,0.034985,0,-0.0534009,0,0,0,0,0,0,0,0,0.0305453,0,0,0,0.0209146,-0.0168144,0,0,0,0,0,0,-0.0043183,0,0,0,0,0,0,0,0,0,0,0,0,0,-0.026651,0.0863199,0,0,0,0,0,0,0,0,0,0,-0.0212327,0,0,0,0,0,0,0,0,0,0,-0.0126513,-0.0292514,0,0,0,0,0,0,0,0,0,0,0,0,0.0780249,0,0.0105684,0,0,0,0,0,0,0.0698021,0.0994936,0,0,0.098395,0,0,0,0,0,0,0,0
0,0,0,0,0,0,0,0,0,0,0,0,0,0,0,0,0,0,0,0,0,0,0,0,0,0,0,0,0,0,0,0,0,0,0,-0.0714074,0,0,0,0,0,0,0,0.0757166,0,0.0956871,0,0,-0.0816686,-0.0683844,0,0.0101831,0,0,0,0,-0.0119968,0,0,0,-0.0247575,0,0,0,0,0,0,0,0,0,0.0891777,0,-0.011777,0,0,0,0,0,0,0,0.0306185,0,0,-0.00671589,0,0,0.000897089,0,0.0463021,0,0,0,0.0382491,0,0,0,0,-0.0154941,0,-0.0819268
0.0593604,0,0,-0.0666576,0,0,0,0.0319619,0,0,0,-0.0911921,0,0.0985659,0,0,0,0,0.0935334,-0.0559858,0,0.0826791,0,0,0,0,0,0,0,0,0.0264005,0,0,0,0,-0.07934,0,0,0,0,0,0,-0.0973666,0,0,0,0,0,0,0,0,0,0,0,0.0863878,0,0,0,0,0,0,0,0,0,0,0,0,0,0,0,0,0,0,-0.0270022,0,-0.02524,-0.0804005,-0.0879344,0.0309885,0,0.000517999,0,0,0,0,0,-0.0148085,-0.00220686,0.0701887,0.0344255,0,-0.0195275,0,0,0,0,0,0.0506668,0,0
0,0,0,0,0,0,0,0.00448285,0,0,0,0,0,0,0,-0.00200357,0,0,0,0,0,0,0,-0.0767583,0,0,0,0,0.0321528,0,0.0911488,0,0,0,0,0.0550647,0,0,0,0,-0.0772147,0,0,0,0.0849853,0,0,0,0,0,0,0,0,0,-0.081355,0,0,0,0,0,0,0,0,0.0208757,0.0984252,0,-0.0923676,0,0,0,0,0,0,0,0,-0.0510806,0,0,0,0,0,0,0,0,0,0,-0.00131925,0,0,0.0889996,0,0,0,0,0,0.0812627,0,-0.0733447,0,0
0,0.01772,-0.0612922,0.0828863,0,0,0,0,-0.0503021,-0.043324,0.0853032,0,0.00644073,0,0,0,0,0,0,0,0,0,0,0,0,-0.0284024,0,0,0,0,0,-0.0248453,0,0,0,0,0,0,0,0,0,0.0907196,0.0604471,0,0,0,-0.0826804,0,0,0,0,0,0,0,0,0,0,0,0,0,0,0,0,0,0,0,0,0,0,0,0,0,0,-0.0424602,0,0,0,0,0,0,0.0691869,0,0,0,0,0,0,-0.0621713,0,-0.0407043,0,0.0058501,0,0,0,0,0,0,0,0
0,0,-0.0430139,0,0,0,0,0,0,0,0,0,0,0,0,0,0,0,0,0,0,0,0,0,-0.0303299,0,0,0,0,0,0,0,0,0,0,0,-0.0198582,0,0,0,0,0,0,0,0,-0.0594088,0.0142357,-0.0077097,0,0,0,-0.0902445,0,0,0,0,0,0,0.0534181,0,0,0,0,0,0,0,0,0,0,-0.0356905,0,0,0,0,0,0,0,0,0,-0.0272027,0,0,-0.0485962,0,0,0,0,0,0,0,0,0,0,-0.0152206,0,-0.0172997,0,0,0.09677,-0.0793213
0,0,-0.0856818,0.00849779,0,0,0,0,0,0,-0.0109051,0,0,0.0701598,0.000681056,0,0,0,-0.0642628,0,0,0,0,0,-0.0759191,0,0,0.0873052,0.0975348,0,0.0460622,0,-0.0279363,0,0,0,0,-0.0467371,0,-0.0161301,0,0,0,0,0,0.0195928,0,0,0,0,0,-0.0149004,0,0,0,0,0.0661901,0,0,0,0,0,0.0691865,0,0,0,0,0,0.0287672,0,0,0,0,0,0,0,0,0.0171396,0,0.09796,0,0,0.0772283,0,0,-0.0560068,0,0,-0.0163706,0,0,0.0699203,-0.0302006,0,0,0,0,0,0,-0.0892423
0,0.0619571,0,0,0,0,0,0,-0.0781408,0,0,0,0.0449464,0,0,0,0,0,0,0,0,0,0,0,-0.0504475,0,0,0,0,0,0,0,0,0,0,0,0,0,0,0,-0.0241592,0,0,0.0851842,0,0,0.0744277,0,0,-0.075848,0,0,0,0,0,0,-0.083304,0,0,0,0,0.0612491,0,0,0,-0.0435863,0,0,0,0,0,0,0.0745271,0,0,0,-0.0210325,0,0,0,0,0,0,0,0,0,0,0,0,0.0224413,0,0,-0.0560238,0.0901555,-0.00398134,0,0,0,0,0
0,0,0,0,0.0061669,0,0,0,0.00415384,0,0,0.000739214,0,0,0,0,0.0495228,0,0,-0.0335982,0,0,0,-0.0159978,0,0,0,0,0,0,0,0.0279312,0,0,0,0,0,0.0563415,0,0,0,0,0,0,0,-0.00954701,0,0.0166036,0,0,0,0.0338432,0,0,0,0,0,0,0,0,0,0,0,0,0,0,0,0.0767237,0.0247378,0,0,-0.017899,0,0,0,0,0,0,0,-0.00321168,0,0,0,0,0,0.0879784,0,0.0517086,0,0,0,0,0,0,0,0,0.0837502,0,0,0
0,0,-0.0893356,0,0,0,0,-0.000931762,-0.0703109,0,0,0,0,0,0,0.0180769,0,0,0,0,0,0,0.09192,0,0,-0.0636464,0,0,0,0,0.042127,0,0,0,0,0,0,0,0,0,0,0,0,0,0,0,0,0,0,-0.0620775,0,0,0,-0.0679321,0,0,-0.0289528,0,0,0.0778849,0,0,0.0705325,0,0,0,0,0,0,0,0,0,-0.0135293,0.00311386,0,0,0,0,0,0,0.0510694,0,0,0,0,0,0,0,0,0,0,0,0,0,0.0128877,0,-0.00327737,0,0,0
0,0,-0.0941528,-0.0671321,0,0,0.0665919,0,-0.0916123,0,0,-0.0391503,0,0,0.0144301,0,0,0,-0.0203939,0,0.053157,0,0.0688613,-0.00921807,0,0,0,0,0,0,0,0,0,0,0,0,0,0,0,-0.0239053,0,0.0559801,0,0,0,0,0,0,0,0,0,0,0,0,0,-0.0814697,0,0,0,0,0,-0.0402247,0,0,0,-0.0758564,0.0556709,0,0,0,0,-0.0569716,-0.0557945,0,0,0,0,0.0344523,0,0,0,0,0,0.0296359,0,-0.0505306,-0.0294132,0,0,0,0,-0.0843574,-0.0809069,-0.0443514,0,0,0,0,0.00530598,0
0,0,0,-0.0896913,0,-0.0968223,-0.0868288,0,0,0,-0.0569315,-0.0543376,0.0278726,0,-0.0775796,0,0.0809072,0,0,0.0884769,0,0.00625829,0,-0.0835095,0,0,0,0,0,-0.0154329,-0.0451911,0,-0.00604649,0,-0.039523,0,0,0,0,0,0.0717182,0,0,-0.0592444,0.0238086,0,0,0.0142935,0,0,0,0,0,0,0,0,0,0,0,0.00664741,0,0,0,-0.0301454,0,0,0,0,0,0.0354644,0,-0.0584629,-0.00415116,0,0,0,0,0,0.0474676,0,0,0,-0.0398236,0,0,0,-0.0266824,0,0,0,0,0,0.0472249,-0.093797,0,0,0,0.0242166,0,0
0,0,0,0,0,0,0,0,0,0.0391386,0,0,0,0,0,0,0,0,0,0,0,0,0,0,0,0,0.030257,0,0,-0.0774774,0,0,0,0,0,0,0,0,0,0,0,0,0,0,0,0,0,0,0,0,0.0870748,0,0,0,0,0,0,-0.0595695,0,0,0,0,0,0,0,0.0557414,0,0,0,-0.0435791,0,0,0,0,0,0,0,0,-0.0839633,0,0.0458952,0.0732792,0,0,0,0,0,0,0,0,0,0,0,-0.0239352,0,0,0,0,0,0
-0.0527415,0,0.0674342,0,0,0,0,0,0,0,-0.0845358,0,0.0240323,-0.019714,0,0,0,-0.0592052,0,0,0,0,0.0816734,0,-0.0966419,0,0,0,0.0551762,0,0,0,-0.0659003,0,0,0,0,-0.0174602,0,0,0,0,0,-0.00412421,-0.0139852,0,0,0,0,0,0,0,-0.0975594,0,0,-0.0676522,0,-0.0385951,-0.069627,-0.0132221,0,0,0,0,0,0,0,0.024839,0,0,0,0,0.0968982,0,0,0,0,0,0,0,0,-0.0348769,0,0,0,0.00310737,0,0,0,0,0.0852731,0,0,0,0,0,-0.0974419,0,0.0224704,-0.0884889
0,0,0.00210796,0,0,0,0,0,0,0,0,0,0,0,0,0,0.000927288,0,0.0795795,0,0,0.069794,-0.0677947,0,0,0,-0.0255044,0,0,0,0,0,-0.0237622,0,0,0,0,-0.0442875,0,0,0,0,0,0,0,0,0,0,0,-0.0446407,0,0,0,0,0,0,0,0,-0.00636836,0,0,0,-0.031954,0,0,0,0,0,0,0,0,0,0,0,0,0,0,0,0,0,0,0,0,0,0,0,0,0.0337711,0.0407744,0,0,0,0,0,-0.0157671,0,0,0,0.0806117,0
0,0,0,-0.0679053,0,0,0,0,0.058415,0,0,0,-0.0657021,0,-0.0778434,0.0933762,0,0,0,0,0,0.0566613,0,0,0,0,0,0,0,0,0,0.0605569,0,0,0,0,0,0,0,0,0,0,0,0,0,0,0,0,0,0,0,-0.0615057,0,0,0,0,0,0,0.000907873,0,0,-0.056776,0,0,0,0,0,0,0,0.0049682,0,0,0,0,0,0.0227816,0,0,0,0.0278497,0,0,0,0,0,-0.0126059,0,0,0,0,0,-0.0137517,0,0,0,0,0.0152029,0,0,-0.0284103
0,0,0,0,-0.0391394,0,-0.0390399,0,0,-0.0712802,0.0187034,0,0,-0.0109817,0,0,0.0682236,0,0,0,0,-0.0789725,0,0,0,0,0,0,0,-0.0310842,0,-0.0225053,0,0,0,0,0,0,0,0,0,0,0,0,0,0,0,0,0,0,0,0.012735,0,0,-0.0330229,0,0,0,0,0.0660779,0,0,0,0,0,0,0,-0.0812012,0,0,0,-0.093023,0,0,0,0,0,0.034022,0,0,0,-0.0157031,0,0,-0.0756615,0,0.0612974,-0.0948357,0,0,0.097727,0.0648871,0,0,0,0,0,0,0.0162349,0
0,0,0,0,0.0338026,0,-0.0298128,0,0.000607594,0,0,0,0,0,0,0,0,0,0.0534348,0,0,0,-0.0359627,0,0,0,0.0691471,0,0,0,0,0,0,0,0,0.0212991,0,0.0841984,0,0,0,-0.00191621,-0.0447543,0,0.0773396,0,0,0.0302734,0,0,0,0.00655225,0,0,0,0,0,0,0,0,0,0,-0.0795214,0,-0.0280637,0,0,0,0,-0.0177701,0,0,0,0,0,0,-0.0994849,0.00770266,-0.0308457,0,0,0,0,0,-0.0203052,0,0,0,-0.0315349,0,0,0.0216566,-0.0608467,0,0,0,0,0,-0.0594514,0
0,0,0,0,0,0,0,0,0,-0.00496869,0,0,0,0,0,0,0,0,0,0,0,0.0813132,0,0.0109159,0,0,0,0,0,0,0,0,0.0955237,0,0,0,0,0,-0.0527466,0,0,0.0435318,-0.0338171,0,0,0.0704925,0,0,0,0,0,0,0,0,0,0,0.0406965,0,0,0,0,0,0,0,0,0,0,0,0,0.049933,0,0,0,0,0,0,0.0866438,0,0,0,0,0,0,0,0,0,0,0.0562469,0,0,-0.0876773,0.0386012,0,0,0,0,0,0,0,0
0,0,0,-0.0788205,0,0.0404128,0,0,0,0,0.00164202,0,0,0,0,0,-0.0588609,0,0,0,-0.0725634,0,0,0,0.0148893,0,0,0,0,-0.0443592,0,0,0,0.0439923,-0.0657921,0,0,0,-0.0775333,0,0,0,0,0,-0.0759728,0,0,0,0,0,0,0.0579271,0,-0.0621169,0,0,0,0,0,0,-0.0637815,0.0122936,0,0,0.0779823,0,0,0,0,0,0,0,0,0,0,0,0,0,0.0976063,0,0,0,-0.0691663,0,0,0,0,0,-0.0519884,0,0,0,0,0,0,0,0,0.0457277,0,0
-0.000464982,0.0887975,0,0,0,0.0472313,0,0,0,0,0,0,0,0,0,0,-0.0461589,0,0,0,0.0744505,0,0.0787738,0.0344529,0,0,0.00427929,0,0,0,0,0,-0.0620931,0,0,0,0,0,0,0,0,0.0405267,0,0,0,0.0164204,0,0,0.0182427,0.0842554,0,-0.083414,0,-0.0762313,0,0,0,0,0,0.0184509,0,0,0,0,0,0,0,0,0,0,-0.073273,0,0,0,0,0,0,0,0,0,0,0,-0.0155889,0,0,0,0,0,0,0,0,0.0107955,0,0,0,0,0,0.0933157,0,0
0,0,0.0129485,0,0,-0.0307942,0,0,0,0.0701102,0,0,0,0,0.0543235,0,0,0,0,0.0222849,0,0.00810572,0.000412969,0,0,-0.0372466,0,0,0,0,0,0,-0.0951249,0,0,-0.0600719,0,0,0,0,0,0.0742016,0,0,0,0,0,-0.0177499,0,0,0,0,0,0,0.0403266,0,0,0,0,0,0,0.0186764,0,0,0,0,0,0,0.00535535,0,0,0,0,0,0.0888968,0,0.0984254,0,0,-0.0963267,0,0.0497053,0,0,0,-0.0382228,-0.0201739,0,0.00446335,0.0726168,0,0,0.0439114,0.0419511,0,0.0211883,0,-0.0299832,0,0
0,0,0,0,0,0,0,0,0,0,0,0,0,0,0,0,0,0,0,0,0,0,0,0.0746272,-0.0730965,0,0,0,0,0,0,-0.0408636,0,0,0,0,0,0,0,0,0,-0.0882015,0,0,0,0,0,0,0,0.0498821,0.0865987,0,0,0,0,0,0,0,0.0659058,0,0,-0.0604076,0,0,0,0,0,0,0,0,0,0,0,0,0,0,0,0,-0.0290094,0,0,0,0,0,0,0,0,0,0,0,0,0.0852828,0,0,0,0,0,0,0,0
0.0991878,0.0509175,0,0,0,0,0,0,0,0,-0.0362849,-0.0996595,0,0.0369961,-0.0107863,0,0,0,-0.0505116,0,0,0,0.0912895,-0.0843582,0,0,0.0043072,-0.0247155,0,0.0621005,0,0,0,-0.0911496,0,0,0,0,0,0,0,0,0,0,0,0,0,0,0,0,0,0.00464263,0,0,0,0,0.0538978,0,0.00365932,0,0.0353465,0,0,0.0164787,0.0226427,0.0346781,0,0,0,0,0,-0.0451771,0.0301279,0,0,0,0.0696801,-0.0787158,0,0,-0.0308031,-0.0363707,0,0,0,0,0,0,0,0,0,0,0,0,0,0,0,0.0861726,0.0632262,0
0,0,0,0,0,0,0.0546302,0.0424784,-0.0761602,0,0,0,0,0,0,0,0,0,0,0,0,0,0,0,0.00840182,0,-0.0809167,0,0,0,-0.0915125,0,0,0.0547671,0,0,0,0,0,-0.00318401,0,0,0,0,0,0,0,0,0.0878449,0.0322125,-0.00700203,0,0,-0.0625952,0,0,0.0538193,0.0694108,0,0.087694,0,0,0,0.0230625,-0.0888351,0,0,0,0,0,0,-0.0974135,0,0,0,-0.0763659,0,0,0,0,0,0,-0.0796654,-0.0586493,0,0,0,0,0,0,0,0,0,0,0,0,0,0,0,0
0,0,0,0,0,0,0,-0.0860475,0,0,0,0,-0.0629539,-0.0719181,0.0340627,0,0.0457775,0,0,-0.0046185,0.0571588,0,0,0,0,0,0,-0.00996656,-0.0465791,-0.00655945,0,0,0.00084757,0,0,0,0,0,0.0420455,0,0.0124701,0,0,0.083238,0,0,0,0,0.0725861,0,0,0,0,0,0,0,0,0,0,-0.0645515,0,0,0,0,0,0,0,0,0.071064,0,0,0,0,0,-0.0777022,0,0,0,0,0,-0.0563231,0,0,0,0,0,0,0,0,0,0,0.076847,0,0.0480796,0,0,0,0.0443855,0,0
0,0,0,0.000731313,0,0,0,0,0,0,0,0,0,0,0,0,0,0,-0.012136,0,0,0,-0.0545509,0,0.0645831,0,0.0904143,0,0,0.0343643,-0.0883551,0,0,0,-0.033441,0,0,0.0181439,0.0392451,0,0.0739569,0,0,0,0.0820006,0,0,0,0,0,0,0,0,0,0,0,0,0.0549565,0,0,0.0147228,0,0,0,0,0,0,0,0,-0.00693582,0,0,0,0,0,0,0,0,0.0432554,0,0,0.0644507,-0.0045969,0,0,0,0.0527369,0,0,0,0,0,0,0,0,0,0,0,0,0
0,0,0,0,0,0,0,-0.0261685,0,0,0,0,0,0,0,0,0,-0.0128096,0,0,-0.0247487,0,0.0182183,-0.0600777,-0.0580047,0,-0.0438059,0,0,0,0.0923352,0,0,0,0,-0.0704742,0,0,0,0,0,0,0,0,0,0,0,0,0,0,0,0,0.0423631,0,0,0,0,0,0,0,0,0,0.0162624,-0.00196841,0,0.0332348,0,0,0,0,0.0690055,-0.0875879,0,0,0,-0.0505973,0,0,0.0167788,0,0,0,0,-0.0203673,0,0,0,0,0,0,0,0,0,0,0,0.0905667,0,0,0,0
0,0.0217646,0.0300551,0.0142069,0,0,0,0,-0.0847793,0,0,0,0,0,0,0,-0.00361272,0,0,-0.0999758,0,0.0237033,0,0,0,0,0,0,0,0,0,0,0,0,0,0,0,0.055513,-0.0244366,0.0372076,0,0,0,0,0,0,0,0,0,0,0,0,0,0,0,-0.00287276,0,0,0,0.0945701,0,0,0,0,-0.0119501,0.0166463,0,0,0,0,0,0,0,0,0,-0.0221454,0,0,0,-0.00909166,0.00911131,0.0463151,-0.0170887,0,0,-0.0595278,0.0197443,0,0,0,0,0,0,0,0,0,0,0,0.0870147,0
0.0229291,0,0,0,0,0,0,0,0,0,0.0875402,-0.0629034,0,0,-0.0313241,0,0,0,0.015936,0.0793581,0,0,0,-0.0784955,0.0908489,0,0.0764501,0,0,0,0,0,0,0,0,0,0,0,0,0,0,0,0,0,-0.0635311,0,0.000869631,0,0,0,0,0,0,-0.093099,0,0,0,0.0954877,0,0,0,0,0,-0.0272009,0,0,0.0986661,0.0462488,0,0,0,0,0,0,0,0,0,0.0546153,-0.0340949,0,0,0,0,0,0.0664339,0,0,0,0,0,0,0,0.0364406,0,0,0,0,0,0,0
0,0.0279341,0,0,0,0,0,0,0,0,-0.0125787,0,0,-0.0865576,0.0162164,0,0,0,0,0,0,-0.0883414,-0.0564075,0,0,0,0,0.0863272,0,0,-0.065573,0,0,0,0,0.0178793,0,0.000322782,0,0,0,0,0,0,-0.00190264,0,0,0,0,0,0,0,0,0,0.0193187,0,0,0,0.0370895,0,0,0,0,0,0,0,0,-0.0523689,0,0.0182726,-0.00887438,0.0344221,0,-0.0569091,0.086634,0,0,0,0,0.0249524,0,0,0,0,0,0,0,0,0,0,0,0,0,0,0,0,0,0,0,0.0176179
0,0,0,0,0,-0.0137663,0,0,0,-0.0801439,0.0459674,0,0,0,0,0,0,-0.0611263,0,-0.0166382,0,0,0.0693543,0,0,0,0,0,0,0,0,0,0.0319618,0.068485,0,0.0455003,0.0256363,0,0,0,0.0785374,0.0717053,0.0200652,0,0,-0.079622,0,0.0721384,0,0,0.0775164,-0.0147354,0,0,0,-0.0382624,0,0,0,0,0,0,0,0,0,0,0,0,0,0,0,0,0,0,0,0,0.0190796,-0.0835192,0,0.0807699,0,0,0,-0.0144528,0,0,0,0.0461831,0,0,-0.057141,0,-0.0921608,0,0,0,0,0,0,0
0,0.0701343,0.075318,-0.0902659,0,0.0340454,0,0,0,0,0,0,0,-0.0844367,0,0,0,0,0.0825583,0,0.071369,0,0,0,0,-0.0860087,0,0,0,0,0,0,0,0,0,0,0,0,0,0.0998169,-0.0746016,0,0,0,0,0,0,0,0,0,0,0,0,0,0,0,0,0.0228106,0,-0.0462136,0,0,0,0,0,0,0,0,0,0,-0.0928128,0,-0.054447,0,0,0,0.0974066,-0.0995032,0,0,0,0,-0.0888879,0,0,-0.0149194,0,0,0,0.0393098,0,0.0327774,0,0,0,0,0,0,0,0
0,0,0,0.0324413,0,-0.0610012,0.0026067,0,0,-0.0506579,0,0,0,0,0,0,-0.0559577,0.00966896,0,0.0583111,0,0,0,0,0,0.0329207,0,0.0524381,0,-0.0534248,0,-0.0641751,0,0,0,0,0,0,0,0,0,-0.0660873,-0.0146871,0,0.0575989,0,0,-0.0878212,0,0.0264693,0,-0.093646,0,-0.0197064,0,-0.0780871,0,0.042235,0,-0.0312586,0,0,0,0,0,0,0,0,0,0,0,0,0,0,0,0,0,0,0,0.0919538,0,0,0,0,0,0,0,0.0722009,0,0,0,0.0952193,0,0,0,0,0,0,0,-0.0163354
-0.0799532,0,0,0,0,0,0,0,0,0,0.0379121,-0.016487,0,0,0,0,0.0395868,0,0,0,0,0,-0.00267618,0,0,0,0.0121359,0,0,0,0,0,0,0,0,0,0,0,0,0,0,0,0,0,0,0,0,0.0435766,0,-0.0835088,0,-0.0316926,0,0,0,0,0,0,0.0457461,0,0.0568851,-0.0757041,0,0,-0.0594067,0,0,0,0,0,0,0,0,0,0,0,0,0,0,0,0,-0.0262582,0,0.0626126,0,0,0,0,0,0,0,0,-0.0442001,0,0,0,0,-0.0744523,0,0
0,0,-0.0979332,0.0650764,0,0,0,-0.0407252,0,0,0,0,0,0,0,0,-0.0498938,0,0,0,0.0458444,0,0,0,0,0,0.0803346,0,0,0,0,0,0,0.0162735,0,0,0,0,0,0.0516125,0,0,0,0,0,0,0,0,0,0,0,0,-0.0563202,0,0.00962671,0.0485522,0,-0.0643053,0,0,-0.0899737,0,0,0,0,0,0,-0.0107758,0,0.0624412,0,0.0955751,0,0.0141594,0,0,0,0,0.0129497,-0.018882,0,0,0.0546413,0,0,0,-0.0628616,0,0.0823426,0,0,0,0,-0.0354232,0,0,0,0,0,-0.0862076
0,0,0,0,0,0,0,0,0,0,0,0,0,0,0,0,0,0,0,0,-0.0244802,0,0,0.0823378,-0.077793,-0.0616394,0,0.0034641,0,0,0.0701767,0,0,-0.0670591,0,0.0222192,0,0,-0.0980597,0,0,0.0552075,0,0,0.0329047,0,0,0,0.0147976,0,0,0,0,0,0,0,0,0,0.0815571,-0.0724486,0,0,0,0.051324,0,0,0,0,0.0768494,0.0909208,0,0.0442738,-0.0886698,-0.00448227,0,0,0,0,0,-0.0828175,0,-0.0317495,0,0,0,0,0,0.0906256,0.0606535,0,-0.0767561,0.0369598,0,0,0,0,0,0.0604497,0,-0.0553112
0.0571001,-0.0387275,0,0,0,0,0,0,0,0,0,0,0,0,0,0,0,0.0528033,0,0,0,0,0,0,0,0.0216824,0,0,0,0,0,0,0,0,0,0,0,0,-0.0586652,0,0,0,0.0961545,-0.0101288,0,0,0,0.0088168,-0.048907,0.0577006,0.0493526,-0.00470232,0,0,-0.0648278,0.04603,-0.0832276,0,0,0,0,0,0,0,0,0.0259256,0,0,0,0,0,0,0,0,0,0,-0.0643191,0,0,0,0,0,0.0424388,0,0,0,0,0,0,0,0,0,0,0,0,0,0,0.0818668,0,0
0,0,0,0,0.0372353,0,0.0428122,0,0,0,0,0,0,0,0.00386009,0,0,0,-0.0346261,0,0,0,0,0,0,0,0,0,0,0,-0.0452944,-0.0466073,0,0,0,-0.060674,0,0,0,0,-0.0933456,0,0,0,-0.0961669,0,0,0,0,0,0,0,-0.0449633,0,-0.0815462,0,0,0.0960477,0,0,0,0,0.003198,0,-0.0677045,0,0,0.0630101,0,0,0,0,0,0,-0.0876176,0,0,0,0,0.0199116,0,0,0,0,0,-0.0989032,0,0,0,0,0,0.0540768,0,-0.095654,0,0,0,0,0,-0.0442554
